#TATA		
2   2.75   0   -0.4091547753796   0.8543463174942   0
2.0010381750624   3.7046765789851   0.985152412383   -0.0011869680881   0.0038633427937   0.3026768624582 
3.4606017667825   3.0061448852147   0.3457104954693   -0.2949137072465   1.0179253477708   0.1001593722724 
4.3442734773894   3.0159384982675   0.3611400794612   0.3117843958532   -1.0322725166784   0.1090776318016 
5.8734141600876   3.7218525454318   0.9851524123829   -0.0011869680881   0.0038633427937   0.3026768624582 
5.8823656243237   2.75   0   -0.4091547753796   0.8543463174942   0
#5.8734141600876   3.7218525454318   0.9851524123829   -0.0011869680881   0.0038633427937   0.3026768624582
7.3308834338912   2.9742678886797   0.3457104954694   -0.2949137072465   1.0179253477709   0.1001593722724
#5.8823656243237   2.75   0   -0.4091547753796   0.8543463174942   0
8.2266391017131   3.0012325678723   0.3611400794612   0.3117843958532   -1.0322725166784   0.1090776318016
#7.3308834338912   2.9742678886797   0.3457104954694   -0.2949137072465   1.0179253477709   0.1001593722724
#background		
1.1743428546646   2.6774882278765   0.0111691583655   0.4533396342708   -0.8376868774139   0.0060445284569 
2.6589905739168   2.7050406478445   0.1729031301319   -0.3013323456214   0.7667356112968   0.067952114132 
3.118532150013   3.5603567967787   0.1403028378613   -0.2126587610353   0.4317010395732   0.0691140973365 
5.1284669770882   2.7056648843309   0.1576218030739   0.3345811695572   -0.7460765345498   0.0706861625825 
4.631085221591   3.6768639913902   0.1574623020476   0.2150570387582   -0.388157712766   0.0872412817798 
6.5560842374407   2.7338415407852   0.1550830168814   -0.3154952651279   0.7547373488227   0.0648277942044 
6.9975185218918   3.673063422596   0.1616218058909   -0.1900931649354   0.3878923341383   0.0792054853898 
3.898086311916   2.8700287136477   0.0105103938056   -0.1297306594017   0.289035829654   0.0047174785237 
3.893390202507   2.3534566786518   0.3583594687717   -0.0145938300765   0.0202844982324   0.2578243313519 
7.7770726837948   2.8324598383753   0.0217938870729   -0.1408966822608   0.2778720601797   0.0110507201773 
7.7582882461585   2.3487605692427   0.3518753973819   -0.0090349461605   0.0130324221253   0.2439435463342 
4.75   1.5   4.2828603912174   0   0   0.5295216054698
9.1436405218295   3.0109119959194   0.5391257596353   0.4921714317759   -1.5679162000403   0.1692324481501 
4.4062145782134   4.4950932298857   3.9358061238563   0.0006051143222   -0.0049439413728   0.4817234824443 
0.3586781494169   3.063591569744   0.0730075468686   -0.3536144106567   1.2692081224845   0.0203406519404 
0.7989034747025   3.8293576233509   0.0512596217367   0.228517274622   -0.4709477747056   0.0248726285303 
0.2656481484201   4.6484188939373   0.1925738028287   -0.2413403442725   0.3407074973122   0.1364097598062 
9.610312237986   4.2317072007296   0.147046751499   0.3515727802892   -0.7764068479146   0.0665857538427 
